                                      fitness                                                 size                      
                ---------------------------------------------------     ------------------------------------------------
evals   gen     avg     evals   gen     max     min     std             avg     evals   gen     max     min     std     
10      0       1e+14   10      0       1e+14   1e+14   0               4.1     10      0       5       4       0.3     
10      1       1e+14   10      1       1e+14   1e+14   0               4.2     10      1       5       4       0.4     
10      2       1e+14   10      2       1e+14   1e+14   0               4.4     10      2       5       4       0.489898
10      3       1e+14   10      3       1e+14   1e+14   0               4.3     10      3       5       4       0.458258
10      4       1e+14   10      4       1e+14   1e+14   0               4.4     10      4       5       4       0.489898
10      5       1e+14   10      5       1e+14   1e+14   0               4.2     10      5       5       4       0.4     
10      6       1e+14   10      6       1e+14   1e+14   0               4.1     10      6       5       4       0.3     
10      7       1e+14   10      7       1e+14   1e+14   0               4       10      7       4       4       0       
10      8       9e+13   10      8       1e+14   139.508 3e+13           4.2     10      8       5       4       0.4     
10      9       8e+13   10      9       1e+14   139.508 4e+13           4.4     10      9       5       4       0.489898
10      10      8e+13   10      10      1e+14   139.508 4e+13           4.4     10      10      5       4       0.489898
10      11      7e+13   10      11      1e+14   139.509 4.58258e+13     4.7     10      11      5       4       0.458258
10      12      4e+13   10      12      1e+14   124.721 4.89898e+13     4.8     10      12      5       4       0.4     
10      13      1e+13   10      13      1e+14   124.721 3e+13           4.9     10      13      5       4       0.3     
10      14      3e+13   10      14      1e+14   139.508 4.58258e+13     4.8     10      14      5       4       0.4     
10      15      140.347 10      15      143.693 139.507 1.67264         5       10      15      5       5       0       
10      16      1e+13   10      16      1e+14   139.507 3e+13           4.9     10      16      5       4       0.3     
10      17      2e+13   10      17      1e+14   139.507 4e+13           4.9     10      17      5       4       0.3     
10      18      139.511 10      18      139.516 139.509 0.00262495      5       10      18      5       5       0       
10      19      1e+13   10      19      1e+14   139.508 3e+13           5       10      19      5       5       0       
10      20      2e+13   10      20      1e+14   139.508 4e+13           4.9     10      20      5       4       0.3     
10      21      4e+13   10      21      1e+14   139.508 4.89898e+13     4.6     10      21      5       4       0.489898
10      22      2e+13   10      22      1e+14   139.508 4e+13           4.8     10      22      5       4       0.4     
10      23      138.031 10      23      139.514 124.721 4.43685         5       10      23      5       5       0       
10      24      143.956 10      24      209.362 124.721 22.6639         5       10      24      5       5       0       
10      25      3e+13   10      25      1e+14   139.507 4.58258e+13     4.9     10      25      5       4       0.3     
10      26      1e+13   10      26      1e+14   139.507 3e+13           4.9     10      26      5       4       0.3     
10      27      3e+13   10      27      1e+14   139.507 4.58258e+13     4.8     10      27      5       4       0.4     
10      28      1e+13   10      28      1e+14   139.507 3e+13           5       10      28      5       5       0       
10      29      3e+13   10      29      1e+14   139.507 4.58258e+13     4.7     10      29      5       4       0.458258
10      30      6e+13   10      30      1e+14   139.508 4.89898e+13     4.4     10      30      5       4       0.489898
10      31      2e+13   10      31      1e+14   124.721 4e+13           4.8     10      31      5       4       0.4     
10      32      1e+13   10      32      1e+14   124.721 3e+13           4.9     10      32      5       4       0.3     
10      33      3e+13   10      33      1e+14   124.716 4.58258e+13     4.7     10      33      5       4       0.458258
10      34      2e+13   10      34      1e+14   124.716 4e+13           4.8     10      34      5       4       0.4     
10      35      2e+13   10      35      1e+14   124.615 4e+13           4.8     10      35      5       4       0.4     
10      36      124.699 10      36      124.721 124.615 0.0418656       5       10      36      5       5       0       
10      37      1e+13   10      37      1e+14   124.615 3e+13           4.9     10      37      5       4       0.3     
10      38      3e+13   10      38      1e+14   124.711 4.58258e+13     4.7     10      38      5       4       0.458258
10      39      1e+13   10      39      1e+14   124.703 3e+13           4.9     10      39      5       4       0.3     
10      40      1e+13   10      40      1e+14   124.703 3e+13           4.9     10      40      5       4       0.3     
10      41      124.719 10      41      124.721 124.703 0.00544101      5       10      41      5       5       0       
10      42      124.718 10      42      124.721 124.703 0.00536498      5       10      42      5       5       0       
10      43      3e+13   10      43      1e+14   124.719 4.58258e+13     4.8     10      43      5       4       0.4     
10      44      139.236 10      44      255.082 124.721 38.8663         5       10      44      5       5       0       
10      45      1e+13   10      45      1e+14   124.721 3e+13           4.9     10      45      5       4       0.3     
10      46      124.72  10      46      124.721 124.715 0.00179791      5       10      46      5       5       0       
10      47      119.63  10      47      124.721 73.818  15.2706         5       10      47      5       5       0       
10      48      2e+13   10      48      1e+14   73.818  4e+13           4.8     10      48      5       4       0.4     
10      49      99.2694 10      49      124.721 73.818  25.4514         5       10      49      5       5       0       
10      50      3e+13   10      50      1e+14   73.8039 4.58258e+13     4.9     10      50      5       4       0.3     
ZIO CAGNACCIO!!!!!!!!!!!!!!!!!!!
[[1, 0, 1, 0, 1, 1, 0, 1, 0, 1, 0, 1, 1, 0, 0, 0, 1]]
IK solution:
[-0.03742653 -1.54435142  1.92035033  1.81654988 -0.59530756]
final pose:
[[-9.99930641e-01  1.17776608e-02  1.87596790e-05  3.00000105e-01]
 [ 1.17776758e-02  9.99929373e-01  1.59254243e-03 -1.91109645e-09]
 [-1.92944483e-09  1.59265292e-03 -9.99998732e-01  8.48556179e-07]
 [ 0.00000000e+00  0.00000000e+00  0.00000000e+00  1.00000000e+00]]
DOFs:
5
best fitness value:
73.8180173194
best_population:
[1, 0, 1, 0, 1, 1, 0, 1, 0, 1, 0, 1, 1, 0, 0, 0, 1]
([1, 0, 1, 0, 1, 1, 0, 1, 0, 1], (0.2, 0.0), 1.57)
[1, 0, 1, 0, 1, 1, 0, 1, 0, 1, 0, 1, 1, 0, 0, 0, 1]
([1, 0, 1, 0, 1, 1, 0, 1, 0, 1], (0.2, 0.0), 1.57)
[1, 0, 1, 0, 1, 1, 0, 1, 0, 1, 0, 1, 1, 0, 0, 0, 1]
([1, 0, 1, 0, 1, 1, 0, 1, 0, 1], (0.2, 0.0), 1.57)
[1, 0, 1, 0, 1, 1, 0, 1, 0, 1, 0, 1, 1, 0, 0, 0, 1]
([1, 0, 1, 0, 1, 1, 0, 1, 0, 1], (0.2, 0.0), 1.57)
[1, 0, 1, 0, 1, 0, 0, 1, 0, 1, 0, 1, 1, 0, 0, 1, 1]
([1, 0, 1, 0, 1, 0, 0, 1, 0, 1], (0.2, 0.0), 1.57)
[1, 0, 1, 0, 1, 1, 1, 1, 0, 1, 0, 1, 1, 1, 0, 0, 1]
([1, 0, 1, 0, 1, 1, 1, 1, 0, 1], (0.2, 0.2), 1.57)
[1, 0, 0, 0, 1, 1, 0, 1, 0, 1, 0, 1, 1, 0, 0, 0, 1]
([1, 0, 0, 0, 1, 1, 0, 1, 0, 1], (0.2, 0.0), 1.57)
[1, 0, 1, 0, 1, 0, 0, 1, 1, 1, 0, 1, 1, 0, 1, 0, 0]
([1, 0, 1, 0, 1, 0, 0, 1, 1, 1], (0.2, 0.0), 1.57)
[1, 0, 1, 0, 1, 1, 0, 1, 0, 1, 0, 1, 1, 0, 0, 0, 1]
([1, 0, 1, 0, 1, 1, 0, 1, 0, 1], (0.2, 0.0), 1.57)
[1, 0, 1, 0, 1, 1, 0, 1, 0, 1, 0, 1, 1, 0, 0, 0, 1]
([1, 0, 1, 0, 1, 1, 0, 1, 0, 1], (0.2, 0.0), 1.57)






2nd turn 5-6 DOFs



                                          fitness                                                     size                      
                -----------------------------------------------------------     ------------------------------------------------
evals   gen     avg             evals   gen     max     min     std             avg     evals   gen     max     min     std     
50      0       1e+08           50      0       1e+08   1e+08   0               5       50      0       5       5       0       
50      1       1e+08           50      1       1e+08   1e+08   0               5       50      1       5       5       0       
50      2       1e+08           50      2       1e+08   1e+08   0               5.06    50      2       6       5       0.237487
50      3       1e+08           50      3       1e+08   1e+08   0               5.12    50      3       6       5       0.324962
50      4       1e+08           50      4       1e+08   1e+08   0               5.2     50      4       6       5       0.4     
50      5       1e+08           50      5       1e+08   1e+08   0               5.14    50      5       6       5       0.346987
50      6       1e+08           50      6       1e+08   1e+08   0               5.16    50      6       6       5       0.366606
50      7       9.80001e+07     50      7       1e+08   4052.89 1.39994e+07     5.18    50      7       6       5       0.384187
50      8       1e+08           50      8       1e+08   1e+08   0               5.26    50      8       6       5       0.438634
50      9       1e+08           50      9       1e+08   1e+08   0               5.2     50      9       6       5       0.4     
50      10      1e+08           50      10      1e+08   1e+08   0               5.28    50      10      6       5       0.448999
50      11      1e+08           50      11      1e+08   1e+08   0               5.4     50      11      6       5       0.489898
50      12      1e+08           50      12      1e+08   1e+08   0               5.38    50      12      6       5       0.485386
50      13      1e+08           50      13      1e+08   1e+08   0               5.46    50      13      6       5       0.498397
50      14      1e+08           50      14      1e+08   1e+08   0               5.44    50      14      6       5       0.496387
50      15      1e+08           50      15      1e+08   1e+08   0               5.42    50      15      6       5       0.493559
50      16      1e+08           50      16      1e+08   1e+08   0               5.42    50      16      6       5       0.493559
50      17      1e+08           50      17      1e+08   1e+08   0               5.36    50      17      6       5       0.48    
50      18      1e+08           50      18      1e+08   1e+08   0               5.26    50      18      6       5       0.438634
50      19      1e+08           50      19      1e+08   1e+08   0               5.16    50      19      6       5       0.366606
50      20      1e+08           50      20      1e+08   1e+08   0               5.16    50      20      6       5       0.366606
50      21      9.80001e+07     50      21      1e+08   7456.65 1.3999e+07      5.2     50      21      6       5       0.4     
50      22      9.60003e+07     50      22      1e+08   7456.65 1.95945e+07     5.16    50      22      6       5       0.366606
50      23      9.60004e+07     50      23      1e+08   7456.65 1.95941e+07     5.22    50      23      6       5       0.414246
50      24      9.40004e+07     50      24      1e+08   7456.65 2.37469e+07     5.18    50      24      6       5       0.384187
50      25      9.80001e+07     50      25      1e+08   7456.65 1.3999e+07      5.26    50      25      6       5       0.438634
50      26      9.40004e+07     50      26      1e+08   7456.65 2.37469e+07     5.24    50      26      6       5       0.427083
50      27      9.20006e+07     50      27      1e+08   7456.65 2.71273e+07     5.22    50      27      6       5       0.414246
50      28      9.20006e+07     50      28      1e+08   6385.51 2.71274e+07     5.24    50      28      6       5       0.427083
50      29      8.60011e+07     50      29      1e+08   6385.51 3.46961e+07     5.28    50      29      6       5       0.448999
50      30      7.80015e+07     50      30      1e+08   6385.51 4.14218e+07     5.36    50      30      6       5       0.48    
50      31      8.00014e+07     50      31      1e+08   6385.51 3.99972e+07     5.38    50      31      6       5       0.485386
50      32      8.80009e+07     50      32      1e+08   6385.51 3.24937e+07     5.34    50      32      6       5       0.473709
50      33      8.8001e+07      50      33      1e+08   6395.99 3.24934e+07     5.32    50      33      6       5       0.466476
50      34      9.20006e+07     50      34      1e+08   6384.42 2.71274e+07     5.3     50      34      6       5       0.458258
50      35      9.00007e+07     50      35      1e+08   6384.42 2.99978e+07     5.32    50      35      6       5       0.466476
50      36      9.00007e+07     50      36      1e+08   6462.44 2.99979e+07     5.34    50      36      6       5       0.473709
50      37      9.20005e+07     50      37      1e+08   6462.44 2.71276e+07     5.36    50      37      6       5       0.48    
50      38      9.40004e+07     50      38      1e+08   6462.44 2.37471e+07     5.2     50      38      6       5       0.4     
50      39      1e+08           50      39      1e+08   1e+08   0               5.28    50      39      6       5       0.448999
50      40      9.80001e+07     50      40      1e+08   7445.21 1.3999e+07      5.36    50      40      6       5       0.48    
50      41      9.40004e+07     50      41      1e+08   6336.14 2.3747e+07      5.34    50      41      6       5       0.473709
50      42      8.6001e+07      50      42      1e+08   6011.55 3.46963e+07     5.3     50      42      6       5       0.458258
50      43      8.80008e+07     50      43      1e+08   6011.55 3.24939e+07     5.2     50      43      6       5       0.4     
50      44      8.80008e+07     50      44      1e+08   6011.55 3.2494e+07      5.14    50      44      6       5       0.346987
50      45      9.20005e+07     50      45      1e+08   6011.55 2.71276e+07     5.14    50      45      6       5       0.346987
50      46      8.6001e+07      50      46      1e+08   6011.55 3.46962e+07     5.24    50      46      6       5       0.427083
50      47      8.6001e+07      50      47      1e+08   6011.55 3.46961e+07     5.24    50      47      6       5       0.427083
50      48      8.6001e+07      50      48      1e+08   6011.55 3.46963e+07     5.24    50      48      6       5       0.427083
50      49      8.80008e+07     50      49      1e+08   6011.55 3.2494e+07      5.28    50      49      6       5       0.448999
50      50      8.20012e+07     50      50      1e+08   6011.55 3.84161e+07     5.26    50      50      6       5       0.438634
50      51      8.20012e+07     50      51      1e+08   6011.55 3.84161e+07     5.28    50      51      6       5       0.448999
50      52      8.20013e+07     50      52      1e+08   6011.55 3.8416e+07      5.24    50      52      6       5       0.427083
50      53      9.20006e+07     50      53      1e+08   6016.27 2.71274e+07     5.34    50      53      6       5       0.473709
50      54      8.4001e+07      50      54      1e+08   6016.27 3.66582e+07     5.4     50      54      6       5       0.489898
50      55      8.80008e+07     50      55      1e+08   6016.27 3.2494e+07      5.4     50      55      6       5       0.489898
50      56      8.40011e+07     50      56      1e+08   6016.27 3.66582e+07     5.54    50      56      6       5       0.498397
50      57      9.00007e+07     50      57      1e+08   6399.44 2.99979e+07     5.48    50      57      6       5       0.4996  
50      58      8.6001e+07      50      58      1e+08   6586.14 3.46963e+07     5.56    50      58      6       5       0.496387
50      59      9.00007e+07     50      59      1e+08   6208.05 2.9998e+07      5.62    50      59      6       5       0.485386
50      60      9.00006e+07     50      60      1e+08   6206.07 2.99981e+07     5.48    50      60      6       5       0.4996  
50      61      9.00006e+07     50      61      1e+08   6206.07 2.99981e+07     5.56    50      61      6       5       0.496387
50      62      8.20011e+07     50      62      1e+08   6030.1  3.84163e+07     5.46    50      62      6       5       0.498397
50      63      8.4001e+07      50      63      1e+08   6030.1  3.66583e+07     5.52    50      63      6       5       0.4996  
50      64      8.20011e+07     50      64      1e+08   6026.11 3.84163e+07     5.52    50      64      6       5       0.4996  
50      65      7.20018e+07     50      65      1e+08   6026.11 4.4897e+07      5.52    50      65      6       5       0.4996  
50      66      7.80014e+07     50      66      1e+08   6026.11 4.1422e+07      5.68    50      66      6       5       0.466476
50      67      8.80008e+07     50      67      1e+08   6244.55 3.2494e+07      5.54    50      67      6       5       0.498397
50      68      9.20005e+07     50      68      1e+08   6244.55 2.71275e+07     5.48    50      68      6       5       0.4996  
50      69      9.60003e+07     50      69      1e+08   6345.12 1.95947e+07     5.4     50      69      6       5       0.489898
50      70      9.60003e+07     50      70      1e+08   6345.12 1.95946e+07     5.42    50      70      6       5       0.493559
50      71      9.40004e+07     50      71      1e+08   6345.12 2.37471e+07     5.36    50      71      6       5       0.48    
50      72      9.40004e+07     50      72      1e+08   6340.74 2.37472e+07     5.38    50      72      6       5       0.485386
50      73      9.00007e+07     50      73      1e+08   6340.74 2.9998e+07      5.5     50      73      6       5       0.5     
50      74      8.20012e+07     50      74      1e+08   6340.74 3.84162e+07     5.42    50      74      6       5       0.493559
50      75      6.80022e+07     50      75      1e+08   6340.74 4.66445e+07     5.66    50      75      6       5       0.473709
50      76      7.60016e+07     50      76      1e+08   6311.73 4.27055e+07     5.64    50      76      6       5       0.48    
50      77      8.6001e+07      50      77      1e+08   6311.73 3.46963e+07     5.58    50      77      6       5       0.493559
50      78      8.00014e+07     50      78      1e+08   6375.88 3.99972e+07     5.56    50      78      6       5       0.496387
50      79      8.80008e+07     50      79      1e+08   6375.88 3.24939e+07     5.62    50      79      6       5       0.485386
50      80      8.60009e+07     50      80      1e+08   6346.39 3.46964e+07     5.62    50      80      6       5       0.485386
50      81      8.20012e+07     50      81      1e+08   6346.39 3.84162e+07     5.58    50      81      6       5       0.493559
50      82      8.00014e+07     50      82      1e+08   6346.39 3.99972e+07     5.6     50      82      6       5       0.489898
50      83      8.00014e+07     50      83      1e+08   6346.39 3.99971e+07     5.58    50      83      6       5       0.493559
50      84      7.60016e+07     50      84      1e+08   6346.53 4.27054e+07     5.56    50      84      6       5       0.496387
50      85      7.2002e+07      50      85      1e+08   6346.53 4.48966e+07     5.56    50      85      6       5       0.496387
50      86      7.60017e+07     50      86      1e+08   6346.53 4.27053e+07     5.6     50      86      6       5       0.489898
50      87      8.6001e+07      50      87      1e+08   6346.53 3.46963e+07     5.64    50      87      6       5       0.48    
50      88      8.6001e+07      50      88      1e+08   6346.53 3.46963e+07     5.56    50      88      6       5       0.496387
50      89      8.80009e+07     50      89      1e+08   6464.25 3.24937e+07     5.46    50      89      6       5       0.498397
50      90      9.20006e+07     50      90      1e+08   6352.26 2.71274e+07     5.5     50      90      6       5       0.5     
50      91      8.80009e+07     50      91      1e+08   6352.26 3.24938e+07     5.38    50      91      6       5       0.485386
50      92      8.6001e+07      50      92      1e+08   5520.88 3.46962e+07     5.42    50      92      6       5       0.493559
50      93      9.00008e+07     50      93      1e+08   6430.11 2.99976e+07     5.32    50      93      6       5       0.466476
50      94      8.8001e+07      50      94      1e+08   6494.28 3.24935e+07     5.38    50      94      6       5       0.485386
50      95      8.6001e+07      50      95      1e+08   6205.85 3.46962e+07     5.38    50      95      6       5       0.485386
50      96      8.80009e+07     50      96      1e+08   5670.48 3.24936e+07     5.48    50      96      6       5       0.4996  
50      97      9.00008e+07     50      97      1e+08   5670.48 2.99976e+07     5.48    50      97      6       5       0.4996  
50      98      9.00007e+07     50      98      1e+08   5670.48 2.99977e+07     5.52    50      98      6       5       0.4996  
50      99      8.20015e+07     50      99      1e+08   5520.89 3.84154e+07     5.62    50      99      6       5       0.485386
50      100     8.00016e+07     50      100     1e+08   5520.89 3.99967e+07     5.58    50      100     6       5       0.493559
[[[0, 1, 1, 0, 0, 1, 0, 1, 1, 0, 0, 1, 0, 1, 1, 0, 0, 1]]]
ZIO CAGNACCIO!!!!!!!!!!!!!!!!!!!
[[1, 0, 0, 1, 1, 0, 0, 1, 0, 1, 0, 1, 1, 0, 1, 0, 1, 0]]
IK solution:
[array([1.57262842, 1.56899987, 0.30293983, 2.        , 0.78728975,
       0.35580772]), array([ 1.71698571,  2.        ,  0.33461256,  1.76959632,  1.25742179,
       -0.33737216]), array([ 1.89565798,  2.        ,  0.67589846,  1.24392752,  1.8201879 ,
       -0.45449692]), array([-1.24445932, -2.        ,  0.68258275, -1.59777943, -1.32464029,
        0.31220015]), array([-1.5954654 , -1.54903033,  0.84712275, -2.        , -0.91789288,
       -0.25824243]), array([ 2.        ,  1.92569287,  0.91706886,  1.7343728 ,  1.48368838,
       -0.62592644]), array([1.53972981, 1.50396617, 0.46812064, 2.        , 1.18587169,
       0.02971099]), array([ 1.8066755 ,  2.        ,  0.51847054,  1.95734034,  1.41276316,
       -0.71463051])]
final pose:
[matrix([[-2.99086918e-01,  9.54225872e-01,  3.53482361e-05,
          5.00000000e-01],
        [-9.93424935e-05, -6.81812115e-05,  9.99999993e-01,
          5.99999997e-01],
        [ 9.54225867e-01,  2.99086912e-01,  1.15187286e-04,
          1.00000001e-01],
        [ 0.00000000e+00,  0.00000000e+00,  0.00000000e+00,
          1.00000000e+00]]), matrix([[-2.99349992e-01,  9.54143375e-01,  3.89774111e-05,
          5.00000000e-01],
        [ 1.09584759e-04, -6.46990205e-06,  9.99999994e-01,
          7.00000000e-01],
        [ 9.54143370e-01,  2.99349995e-01, -1.02622806e-04,
          1.00000001e-01],
        [ 0.00000000e+00,  0.00000000e+00,  0.00000000e+00,
          1.00000000e+00]]), matrix([[-5.69403304e-01,  8.22058306e-01,  1.35214246e-04,
          6.20000002e-01],
        [ 6.46164674e-05, -1.19725588e-04,  9.99999991e-01,
          6.00000000e-01],
        [ 8.22058315e-01,  5.69403308e-01,  1.50536419e-05,
          1.00000003e-01],
        [ 0.00000000e+00,  0.00000000e+00,  0.00000000e+00,
          1.00000000e+00]]), matrix([[ 5.73040273e-01, -8.19527201e-01,  1.12230237e-04,
          6.20000001e-01],
        [-3.81696745e-05,  1.10255616e-04,  9.99999993e-01,
          7.00000001e-01],
        [-8.19527207e-01, -5.73040274e-01,  3.18998216e-05,
          1.00000004e-01],
        [ 0.00000000e+00,  0.00000000e+00,  0.00000000e+00,
          1.00000000e+00]]), matrix([[ 7.48667426e-01, -6.62945752e-01,  1.19938807e-04,
          6.20000000e-01],
        [-1.30631657e-04,  3.33950999e-05,  9.99999991e-01,
          6.00000002e-01],
        [-6.62945750e-01, -7.48667435e-01, -6.15998786e-05,
          2.20000002e-01],
        [ 0.00000000e+00,  0.00000000e+00,  0.00000000e+00,
          1.00000000e+00]]), matrix([[-7.44728937e-01,  6.67367068e-01,  8.11145074e-05,
          6.20000001e-01],
        [ 1.21826736e-06, -1.20184576e-04,  9.99999993e-01,
          6.99999994e-01],
        [ 6.67367073e-01,  7.44728932e-01,  8.86918996e-05,
          2.19999997e-01],
        [ 0.00000000e+00,  0.00000000e+00,  0.00000000e+00,
          1.00000000e+00]]), matrix([[-4.50918978e-01,  8.92564883e-01, -7.59549863e-05,
          5.00000000e-01],
        [ 4.02200780e-05,  1.05416406e-04,  9.99999994e-01,
          6.00000001e-01],
        [ 8.92564885e-01,  4.50918972e-01, -8.34332873e-05,
          2.20000001e-01],
        [ 0.00000000e+00,  0.00000000e+00,  0.00000000e+00,
          1.00000000e+00]]), matrix([[-4.51252477e-01,  8.92396325e-01, -2.93680969e-05,
          5.00000001e-01],
        [ 9.08995124e-05,  7.88738420e-05,  9.99999993e-01,
          6.99999996e-01],
        [ 8.92396321e-01,  4.51252471e-01, -1.16710407e-04,
          2.20000001e-01],
        [ 0.00000000e+00,  0.00000000e+00,  0.00000000e+00,
          1.00000000e+00]])]
DOFs:
6
best fitness value:
5670.48144515
best_population:
[1, 0, 0, 1, 1, 0, 0, 1, 0, 1, 0, 1, 1, 0, 0, 0, 0, 0]
[1, 0, 0, 1, 1, 0, 0, 1, 0, 1, 0, 1, 1, 0, 0, 0, 0, 0]
[1, 0, 0, 1, 1, 0, 0, 1, 0, 1, 0, 1, 1, 1, 0, 0, 0, 0]
[1, 0, 0, 1, 1, 0, 0, 1, 0, 1, 0, 1, 1, 1, 0, 0, 1, 1]
[1, 0, 0, 1, 1, 0, 0, 1, 0, 1, 0, 1, 0, 0, 1, 1, 1, 0]
[1, 0, 0, 1, 1, 0, 0, 0, 0, 1, 0, 1, 1, 0, 1, 0, 1, 0]
[1, 0, 0, 1, 1, 0, 1, 1, 0, 1, 0, 1, 1, 0, 0, 1, 1, 0]
[1, 0, 0, 1, 1, 0, 0, 0, 0, 1, 0, 1, 1, 0, 1, 1, 1, 0]
[1, 0, 0, 1, 1, 0, 0, 1, 1, 1, 0, 1, 0, 0, 1, 1, 1, 1]
[1, 0, 0, 1, 1, 0, 0, 1, 0, 1, 0, 1, 1, 1, 0, 0, 0, 0]
[1, 0, 0, 1, 1, 0, 0, 1, 0, 1, 0, 1, 1, 0, 1, 0, 1, 0]
[1, 0, 0, 1, 1, 0, 0, 1, 0, 1, 0, 1, 1, 0, 1, 1, 1, 1]
[1, 0, 0, 1, 1, 0, 0, 0, 0, 1, 0, 1, 0, 1, 0, 1, 1, 1]
[1, 0, 0, 1, 1, 0, 1, 1, 0, 1, 0, 1, 1, 0, 0, 0, 1, 0]
[1, 0, 0, 1, 1, 0, 0, 1, 0, 1, 0, 1, 1, 1, 0, 0, 1, 0]
[1, 0, 0, 1, 1, 0, 0, 1, 0, 1, 0, 1, 1, 0, 0, 1, 1, 0]
[1, 0, 0, 1, 1, 0, 0, 1, 0, 1, 0, 1, 1, 0, 1, 0, 1, 0]
[1, 0, 0, 1, 1, 0, 0, 1, 0, 0, 0, 1, 1, 0, 0, 1, 1, 1]
[1, 0, 0, 1, 1, 0, 1, 1, 0, 1, 0, 1, 1, 0, 1, 1, 1, 1]
[1, 0, 0, 1, 1, 0, 0, 1, 1, 1, 0, 1, 1, 0, 1, 0, 1, 0]
[1, 0, 0, 1, 1, 0, 0, 0, 0, 1, 0, 1, 1, 0, 1, 1, 1, 1]
[1, 0, 0, 1, 1, 0, 0, 1, 1, 1, 0, 1, 1, 0, 0, 0, 1, 0]
[1, 0, 0, 1, 1, 0, 0, 1, 1, 1, 0, 1, 1, 1, 0, 0, 0, 0]
[1, 0, 0, 1, 1, 0, 0, 1, 0, 1, 0, 1, 1, 0, 1, 0, 1, 0]
[1, 0, 0, 1, 1, 0, 0, 1, 0, 1, 0, 1, 0, 0, 1, 1, 0, 1]
[1, 0, 0, 1, 1, 0, 0, 1, 0, 1, 0, 1, 1, 1, 0, 0, 0, 1]
[1, 0, 0, 1, 1, 0, 0, 1, 0, 0, 0, 1, 1, 0, 1, 0, 1, 0]
[1, 0, 0, 1, 1, 0, 0, 1, 0, 1, 0, 1, 1, 1, 0, 0, 0, 1]
[1, 0, 0, 1, 1, 0, 0, 1, 0, 1, 0, 1, 1, 1, 1, 0, 1, 0]
[1, 0, 0, 1, 1, 0, 0, 1, 0, 0, 0, 1, 1, 0, 1, 0, 1, 0]
[1, 0, 0, 1, 1, 0, 1, 1, 0, 1, 0, 1, 1, 1, 0, 1, 0, 1]
[1, 0, 0, 1, 1, 0, 0, 1, 0, 1, 0, 1, 0, 1, 0, 0, 1, 0]
[1, 0, 0, 1, 1, 0, 1, 1, 0, 1, 0, 1, 1, 0, 1, 1, 1, 1]
[1, 0, 0, 1, 1, 0, 0, 1, 0, 1, 0, 1, 0, 0, 1, 1, 1, 0]
[1, 0, 0, 1, 1, 0, 0, 1, 0, 1, 0, 1, 1, 0, 1, 0, 1, 0]
[1, 0, 0, 1, 1, 0, 0, 1, 0, 0, 0, 1, 1, 1, 0, 0, 0, 0]
[1, 0, 0, 1, 1, 0, 1, 1, 0, 1, 0, 1, 1, 0, 1, 1, 1, 1]
[1, 0, 0, 1, 1, 0, 0, 1, 0, 1, 0, 1, 0, 0, 1, 1, 1, 0]
[1, 0, 0, 1, 1, 0, 0, 1, 0, 1, 0, 1, 1, 0, 1, 1, 1, 1]
[1, 0, 0, 1, 1, 0, 0, 1, 0, 1, 0, 1, 0, 0, 1, 0, 0, 0]
[1, 0, 0, 1, 1, 0, 0, 1, 0, 0, 0, 1, 1, 0, 0, 0, 1, 0]
[1, 0, 0, 1, 1, 0, 0, 0, 0, 1, 0, 1, 1, 0, 0, 0, 1, 0]
[1, 0, 0, 1, 1, 0, 0, 1, 1, 0, 0, 1, 1, 0, 0, 0, 0, 0]
[1, 0, 0, 1, 1, 0, 0, 1, 0, 1, 0, 1, 1, 0, 1, 0, 1, 0]
[1, 0, 0, 1, 1, 0, 0, 1, 0, 1, 0, 1, 1, 1, 1, 0, 1, 0]
[1, 0, 0, 1, 1, 0, 0, 1, 0, 1, 1, 1, 1, 1, 0, 1, 1, 0]
[1, 0, 0, 1, 1, 0, 0, 1, 0, 1, 0, 1, 1, 0, 0, 1, 1, 1]
[1, 0, 0, 1, 1, 0, 0, 1, 0, 1, 0, 1, 1, 0, 1, 1, 1, 0]
[1, 0, 0, 1, 1, 0, 0, 1, 0, 1, 0, 1, 1, 1, 0, 0, 1, 0]
[1, 0, 0, 1, 1, 0, 0, 1, 0, 1, 0, 1, 1, 1, 1, 0, 1, 0]